m1: 39587
m2: 18986
m3: 352
m4: 2561
m5: 21046
m6: 979
m7: -427
401 313 263 384 347 535 356 423 489 413 381 382 280 348 391 436 
210 193 133 270 240 309 166 211 294 225 145 244 218 168 285 277 
357 214 189 272 263 454 244 268 391 249 227 303 228 249 306 392 
492 386 300 467 471 649 377 470 588 462 436 488 381 464 473 511 
443 301 263 391 257 489 260 338 445 323 336 368 270 316 335 405 
191 144 184 159 231 298 143 201 220 203 150 154 144 146 236 267 
435 340 235 410 459 605 336 411 503 430 395 414 337 408 419 474 
356 315 214 370 308 420 213 328 432 270 281 357 241 288 346 361 
376 199 203 232 311 483 215 280 351 259 310 344 291 279 331 434 
405 264 253 352 364 569 289 332 431 341 302 276 240 293 371 508 
375 271 235 346 407 554 289 336 494 349 336 356 333 394 406 492 
323 269 231 348 308 397 204 309 361 302 232 268 235 223 355 381 
427 368 237 453 447 589 322 399 507 399 363 392 286 405 393 435 
286 228 192 308 288 363 190 263 320 259 200 233 222 266 329 319 
409 269 170 352 344 451 280 318 371 301 236 291 215 289 321 365 
487 340 216 428 378 606 389 421 486 431 396 386 333 430 390 485 

