m1: 21447
m2: 9630
m3: -1089
m4: 171
m5: 12829
m6: -408
m7: 2356
m1: 13188
m2: 4653
m3: -1745
m4: -84
m5: 8151
m6: -1425
m7: 699
m1: 92
m2: 149
m3: -415
m4: -251
m5: 125
m6: -221
m7: 15
m1: -1837
m2: 81
m3: 951
m4: 292
m5: -2043
m6: -15
m7: -39
m1: 8010
m2: 4843
m3: 204
m4: 92
m5: 4131
m6: 1516
m7: 1116
m1: 1601
m2: -609
m3: -221
m4: -54
m5: 418
m6: -2494
m7: -761
m1: -2888
m2: 320
m3: 12
m4: -403
m5: -1548
m6: 3354
m7: 375
m1: 43006
m2: 21992
m3: -1354
m4: -1242
m5: 19244
m6: -603
m7: -2829
424 422 372 322 333 404 325 343 499 254 378 295 335 387 238 267 
407 434 362 395 380 388 333 384 510 300 399 307 316 386 306 296 
307 278 238 236 255 278 280 278 367 215 271 207 243 268 204 171 
197 250 220 285 201 224 216 155 312 152 222 130 135 210 154 129 
320 371 323 337 279 356 299 254 405 226 365 312 281 275 240 238 
349 337 345 347 354 355 305 308 443 225 364 232 313 345 238 323 
299 358 296 327 292 332 246 229 394 175 339 266 229 281 244 219 
278 294 312 263 265 284 233 218 378 187 307 215 249 283 253 183 
345 430 406 376 303 326 283 322 492 302 368 292 378 410 310 273 
269 317 347 379 353 358 283 220 332 208 402 269 292 274 284 316 
359 435 365 468 398 375 440 362 534 308 388 282 373 381 314 333 
320 448 391 456 349 342 302 298 464 277 372 302 351 375 297 280 
250 328 258 290 246 255 245 281 345 240 321 189 189 254 174 233 
258 294 247 353 280 285 309 194 360 178 237 217 214 244 277 178 
268 366 383 406 330 354 294 248 447 253 369 214 333 320 214 262 
235 384 293 329 258 324 279 201 368 176 289 264 216 221 199 229 

