m1: 156381
m2: 83794
m3: 488
m4: -1785
m5: 80775
m6: 11839
m7: 6364
m1: 80081
m2: 44075
m3: 2170
m4: -2561
m5: 37104
m6: 3672
m7: -922
m1: 145
m2: 3080
m3: 1804
m4: -1280
m5: -2667
m6: 702
m7: 479
m1: 3339
m2: -372
m3: -524
m4: 1269
m5: 3167
m6: -801
m7: -159
m1: 76358
m2: 38282
m3: -1371
m4: 1342
m5: 44339
m6: 4353
m7: 7411
m1: 8350
m2: 2563
m3: 380
m4: -767
m5: -601
m6: -5009
m7: -8551
m1: -8889
m2: -5295
m3: 517
m4: 2017
m5: 1075
m6: -1824
m7: 8373
m1: 328371
m2: 162130
m3: 2519
m4: 7208
m5: 164422
m6: 2366
m7: -6161
776 920 817 829 758 607 807 672 682 810 928 743 880 699 787 783 784 789 880 921 588 618 832 954 880 788 781 786 907 675 660 771 
622 811 746 728 719 563 642 607 610 753 798 711 742 752 778 620 713 689 863 737 542 598 623 768 881 739 719 760 837 522 631 582 
655 775 835 647 640 632 654 592 614 735 781 755 670 738 679 668 689 689 835 902 579 513 810 866 762 725 739 792 822 490 617 701 
678 744 785 747 730 569 631 574 554 692 815 590 723 701 776 677 741 734 806 830 592 471 811 790 788 702 665 720 831 577 638 693 
539 631 673 560 614 401 511 527 489 540 665 621 668 515 585 569 620 615 737 671 434 394 593 741 681 616 555 632 695 375 539 514 
666 757 724 674 661 478 607 487 548 643 892 565 568 702 622 590 670 615 799 738 482 475 602 688 707 565 669 595 763 550 569 565 
588 690 664 633 581 450 619 462 575 559 776 507 590 542 612 534 635 593 665 690 500 433 639 703 645 564 568 535 755 568 551 501 
534 669 562 597 547 423 581 499 576 603 690 583 623 576 610 548 587 514 663 603 486 420 568 653 640 616 564 568 688 520 554 497 
659 794 756 659 674 510 609 566 554 640 847 605 750 612 674 580 741 616 754 808 484 448 673 726 841 685 539 569 828 525 604 629 
597 750 741 640 669 456 548 526 601 593 776 607 682 559 659 589 615 561 690 680 572 466 631 706 614 599 693 589 742 535 560 482 
588 662 656 624 676 488 601 623 605 709 736 697 716 604 632 585 664 650 744 671 545 479 641 837 715 689 677 663 791 541 599 531 
581 725 767 677 691 559 679 547 577 702 723 627 668 655 767 617 697 672 813 766 645 563 750 768 815 653 672 734 797 537 602 597 
607 855 801 767 696 601 683 568 656 707 848 639 760 695 704 619 741 736 844 854 592 551 776 773 821 618 691 676 874 667 559 649 
496 544 485 573 600 374 462 539 464 629 565 619 680 489 500 450 598 515 639 525 310 378 501 635 638 528 532 516 642 422 473 465 
574 611 567 548 608 395 582 483 496 644 586 626 588 513 546 508 609 537 682 581 395 418 584 698 654 572 626 591 734 449 510 454 
626 820 844 750 737 615 626 669 695 727 851 705 780 718 700 686 743 650 866 883 627 450 799 858 780 735 663 679 876 616 607 665 
578 712 658 607 512 448 480 506 535 613 658 572 730 562 669 555 624 550 614 683 499 387 599 734 741 595 530 567 680 514 555 602 
721 958 947 854 807 625 842 670 743 825 920 851 887 675 801 753 854 812 973 961 672 566 973 971 902 674 774 846 971 634 730 743 
543 701 685 625 666 506 588 519 491 677 699 683 584 676 583 529 632 631 767 723 444 517 576 712 727 655 650 671 740 437 511 549 
454 674 604 512 494 411 506 452 464 503 639 479 542 467 488 451 438 470 573 636 441 456 487 551 584 545 493 492 544 455 408 453 
495 604 650 604 638 470 578 514 521 627 672 621 614 578 687 537 587 640 774 683 485 495 631 647 632 603 642 760 737 461 535 542 
651 907 803 781 720 593 725 630 651 729 856 721 726 712 661 722 733 714 810 863 509 531 722 891 790 710 700 695 878 526 596 672 
583 733 668 717 684 504 659 639 594 681 736 657 768 643 709 631 739 649 744 732 474 515 673 826 746 671 596 594 789 518 620 592 
648 864 816 644 631 580 590 588 625 647 815 727 778 578 701 688 745 746 717 787 549 565 768 865 751 657 688 681 791 549 593 618 
611 819 813 691 684 600 697 574 652 716 811 694 717 720 699 665 763 652 868 823 557 502 810 796 883 735 666 737 905 552 605 675 
542 723 744 669 661 556 529 603 609 675 682 701 699 618 623 656 705 599 751 736 488 387 684 779 757 649 580 711 730 431 541 646 
617 696 690 584 500 421 533 418 517 570 760 568 614 596 653 595 631 540 653 708 465 361 643 684 720 611 515 622 752 473 547 650 
676 872 846 752 724 584 683 575 628 747 919 671 741 695 756 740 698 729 796 821 596 577 699 800 844 768 727 808 797 596 606 710 
661 869 880 700 726 540 610 603 575 724 809 727 756 705 734 679 733 716 840 798 599 549 766 859 902 722 694 740 858 546 592 644 
753 948 925 880 799 562 779 711 718 822 976 834 916 827 866 801 870 793 984 931 658 567 890 948 945 788 777 841 1019 644 762 765 
494 703 719 627 542 474 577 532 583 577 691 567 653 573 660 555 568 530 659 760 565 427 625 692 615 604 566 643 693 493 550 560 
636 720 677 694 689 502 616 576 551 650 762 598 764 547 724 603 744 732 734 697 536 506 691 823 775 656 636 679 782 586 594 575 

